2.89313950083e-22
2.70483924305e-22
2.50194817059e-22
2.34181115277e-22
2.18731386954e-22
2.03805678008e-22
1.90322026418e-22
1.79404780947e-22
1.67987203992e-22
1.56426716982e-22
1.44281156088e-22
1.32547854815e-22
1.21531802524e-22
1.15984611544e-22
1.05978823492e-22
1.00278197225e-22
9.42004789619e-23
8.7911950991e-23
8.22020522717e-23
7.81067461138e-23
7.59376032879e-23
7.72102562382e-23
8.22217849508e-23
9.25230350921e-23
3.94635032464e-23
3.08504819672e-23
2.08996973184e-23
1.97550739879e-23
8.95791747783e-24
7.90991727997e-24
5.43123566777e-24
3.58919797643e-24
3.04393065834e-24
2.89896796849e-24
2.86372420842e-24
2.85450155474e-24
2.84879452953e-24
2.84043916798e-24
2.82898319209e-24
2.81445084839e-24
2.79645434093e-24
2.77578926436e-24
2.75259280718e-24
2.72712365305e-24
2.69972744067e-24
2.67138517141e-24
2.64274528624e-24
2.61419556805e-24
2.58525250568e-24
2.55618890278e-24
2.52778629107e-24
2.49920863147e-24
2.46976138189e-24
2.43948440323e-24
2.40821347073e-24
2.37562417888e-24
2.34010536424e-24
2.30189223627e-24
2.26153721441e-24
2.21726355645e-24
2.16923268022e-24
2.11844112597e-24
2.06443600474e-24
2.00675590785e-24
1.94559473452e-24
1.88229632728e-24
1.81696266401e-24
1.74920877495e-24
1.67956583927e-24
1.61180693095e-24
1.54172168232e-24
1.46945390213e-24
1.39909434216e-24
1.32852410578e-24
1.25913925571e-24
1.19065742857e-24
1.12539151937e-24
1.06092985231e-24
9.98443351709e-25
9.38576897647e-25
8.81412770306e-25
8.26686048283e-25
7.74891737838e-25
7.2555946831e-25
6.78874800405e-25
6.34768107846e-25
5.93374875139e-25
5.54121782345e-25
5.17621702134e-25
4.83358589367e-25
4.51137919511e-25
4.2098691501e-25
3.92718046997e-25
3.66599403297e-25
3.42280636718e-25
3.19554819916e-25
2.98264611841e-25
2.784415724e-25
2.60149992549e-25
2.43162855727e-25
2.27289790558e-25
2.1245120338e-25
1.98741548439e-25
1.86108775315e-25
1.74313159616e-25
1.63393039729e-25
1.53409259802e-25
1.44223896486e-25
1.35724694728e-25
1.27950450718e-25
1.20863197748e-25
1.14364203765e-25
1.08633728914e-25
1.03631900656e-25
9.92861362476e-26
9.58495922074e-26
9.33482286864e-26
9.12488492091e-26
8.93844203173e-26
8.75034303514e-26
8.54259865416e-26
8.33970165941e-26
8.15310691817e-26
7.97453266867e-26
7.79474501286e-26
7.6105452489e-26
7.42142916216e-26
7.2285946314e-26
