13.6
14.2569809636
14.9456989851
15.6676871998
16.4245528053
17.2179806383
18.0497369259
18.9216732169
19.8357305039
20.7939435436
21.7984453868
22.8514721261
23.9553678745
24.59
26.3257145094
27.5974419569
28.9306032812
30.3281661945
31.7932417718
33.3290913759
34.9391339177
36.6269534669
38.3963072303
40.2511339158
42.1955625001
44.23392142
46.3707482082
48.6107995936
50.9590620905
54.42
56.0013825416
58.7066650611
61.5426328098
64.5155988544
67.6321812296
70.8993176704
74.3242810559
77.9146955991
81.6785538192
85.6242343335
89.7605205086
94.0966200128
98.6421853134
103.407335163
108.402677127
113.639331191
119.128954523
124.883767415
130.916580493
137.240823228
143.870573838
150.82059062
158.106344808
165.744055011
173.750723318
182.144173144
190.943088908
200.167057624
209.836612507
219.973278675
230.599621071
241.739294693
253.41709725
265.659024364
278.492327438
291.945574323
306.048712907
320.833137784
336.331760138
352.579081011
369.611268098
387.466236265
406.183731947
425.805421624
446.374984581
467.938210132
490.543099559
514.239972959
539.081581265
565.123223671
592.422870733
621.041293415
651.042198371
682.492369755
715.461817898
750.023935144
786.255659235
824.237644577
864.054441781
905.794685882
949.551293644
995.421670401
1043.50792689
1093.91710654
1146.76142381
1202.1585139
1260.2316947
1321.11024125
1384.92967356
1451.83205822
1521.96632474
1595.48859699
1672.5625408
1753.35972828
1838.06001974
1926.85196408
2019.9332185
2117.51098852
2219.80248923
2327.03542882
2439.44851546
2557.29198873
2680.82817659
2810.33207944
2946.09198221
3088.41009613
3237.60323149
3394.00350288
3557.95906845
3729.83490502
3910.01362046
4098.89630546
4296.90342638
4504.47576121
4722.07538077
4950.18667738
5189.31744307
5440.0
